100
1	0.25	0.25	0	0
2	0.1540667691744363	0.10167527824985269	0.02070547092489483	0.07702592270890665
3	0.2284761479724467	0.06667091274855416	-0.04014304818880139	0.01249698184734245
4	0.023433842165193234	0.44585787177513664	-0.01618706236069234	-0.030092374718369716
5	0.2402032262641097	0.4430331895804852	0.08065948600680092	-0.07410321168509384
6	0.17071423176899916	0.23554640113489697	0.002102234922162799	0.09089637662056713
7	0.21785027900216722	0.4885713588435842	0.09530965966527613	-0.09409619666373688
8	0.37474144227144174	0.07990313733505014	-0.02313942898244843	0.04024728829368693
9	0.4391161733802641	0.09637843099336017	-0.08107085121076447	-0.037327545362615844
10	0.11327872836133246	0.37486557990979097	-0.03671487284461515	-0.07046693971835348
11	0.06025525175815557	0.37059863496882506	0.09851179216124303	0.06195139487665005
12	0.26240795483573137	0.11030701295002468	0.08330365501093825	-0.02037158769933778
13	0.03015677661454762	0.02126088105866574	0.03524106554029066	-0.0473504576770879
14	0.12618580742003474	0.3389778661092476	-0.06456972197910843	0.02166286028005801
15	0.4808298201452823	0.1609866460480672	-0.04547963873487573	-0.0691290533932703
16	0.4504913969386479	0.24480867116023677	0.05833138953062575	-0.03898038292778927
17	0.2993728643042392	0.3940622305906602	-0.010920140071157894	0.059587651239463496
18	0.03757533537834311	0.33798507099007513	0.07866097468458452	-0.09220551105400343
19	0.38336207558605323	0.45617249073113686	0.034807668885226434	-0.014185997827572946
20	0.1099992161104218	0.2781319499283912	-0.021887512147686028	-0.003130449535844959
21	0.3435356360181694	0.09618316378227777	0.04681547158273469	0.0508633820094776
22	0.05996964566564419	0.20684905731022898	0.0322480857271111	-0.06076918904400515
23	0.22657793743631818	0.10929529651010426	0.09736386881192172	-0.01945146179041471
24	0.45241692802623334	0.09089981533888251	-0.07494514461145829	-0.02226453417321303
25	0.4758739892920153	0.31595111085194133	0.02747717251405951	-0.05776795134206787
26	0.31964665478438975	0.1316135987557987	0.011118127158324359	-0.026834608693923914
27	0.42972410317307236	0.014459000361674239	0.032095146978014216	-0.006345855458766841
28	0.31796284200777264	0.28320547532977275	0.05059222338208466	0.0009973913244920585
29	0.12911240633131546	0.3882140763953193	-0.013782475498169938	0.016918011898128874
30	0.1696728627090613	0.24739241495533032	0.06552677007842134	0.05635454122748104
31	0.41444012215345183	0.07339337680959085	0.019272346593205467	0.008065569044849341
32	0.32145879794361665	0.3537577982065852	0.08336188711672068	-0.06111348026144066
33	0.379530587165709	0.0629804447940449	-0.0775724017663928	0.09293128195394523
34	0.050040207148403834	0.4114354466503577	0.005437268780301346	-0.020682954982091897
35	0.3031714800047266	0.48702317602855355	-0.0945095246625568	-0.017772236930446494
36	0.13038164253304055	0.08887805629856342	-0.055866279875549596	-0.019940414701917056
37	0.16427199572553744	0.3897452327592289	0.007611170221103095	0.018835580702662183
38	0.020190899112043317	0.11736769821316294	-0.07661158963762014	0.0700672160575074
39	0.3982945503252229	0.07336662827359777	-0.07994321757552066	-0.0822073537776113
40	0.40245515889731087	0.2610277615172578	-0.09362000681479328	-0.08577414451095731
41	0.35914671709506063	0.2931642197829039	0.06420775212121518	-0.030065687332763866
42	0.46958681601601665	0.45909840279514047	0.05903746047756139	0.061345700764421446
43	0.21378611265021444	0.37896448259213134	0.07884680216412662	0.08820167992540492
44	0.441133031565601	0.0845352102048796	-0.013213105749376203	0.09720320195627835
45	0.34818389509177655	0.4109165063168558	0.012866828649683026	0.008880830096602316
46	0.408222574563679	0.37611179173069614	-0.032767671290810374	-0.08913698923874416
47	0.2642002674224132	0.4822745331802566	-0.02862343829585723	0.039067822401446045
48	0.30845993704900615	0.29625549044066757	0.01360727427477322	0.05897044648144867
49	0.4089226758587142	0.06373597621811601	0.0783586525981333	0.05667106687472975
50	0.05494099229798491	0.22828267655031198	-0.08873383174438752	0.03293598624384944
51	0.05757295571460702	0.03928296264659166	-0.09344738447303842	0.03263051305882794
52	0.43473745138204384	0.14428681074501423	-0.010340440380549681	-0.01493019519418462
53	0.3580424764374716	0.125084223933898	-0.061578238365313155	0.03743457976279052
54	0.22915981020219875	0.04913080123670335	0.01323779445837292	0.06908059864505522
55	0.3495339618709164	0.06635456690966993	-0.00040800156023437784	0.0006078536225408715
56	0.35709164084627437	0.2529403181786936	0.020102321758578873	-0.04013456189694209
57	0.34484833546761273	0.03754569576755038	0.04682624512504924	0.04904500650697741
58	0.19386034175040182	0.11900726609809434	0.042899445057649505	0.06126797642496015
59	0.4274745195685578	0.16243907403818966	0.004350882292915095	0.08925648158993896
60	0.37628917964737435	0.21792631376017182	0.06633037804105862	0.025028721760365413
61	0.4265945303578711	0.28087371396633193	0.05122154460862843	-0.04208131445990167
62	0.196722842403017	0.0092712679499839	-0.04100955975834684	0.04971410938450707
63	0.07858722050923275	0.21148502735208305	0.06531659028483391	-0.05051123061406553
64	0.2618854941338972	0.33564112261475376	-0.05265041888547981	0.09339667319851902
65	0.4427157327346025	0.12511052511689158	0.0629638747237743	-0.059337334202805715
66	0.12750746218821327	0.011711736515486538	0.07575849303208154	-0.0743485907794099
67	0.08208717132049369	0.3329148047142589	0.06518460176379456	0.06058736561996578
68	0.46178024571959075	0.24468659303282994	0.04323656707899021	-0.08537010951522908
69	0.08727556868042625	0.09719988052271963	-0.09242020532401814	0.0033110767239313
70	0.22270549197149173	0.4688292397072021	0.05689497994377221	0.01570056816633296
71	0.4408371801336012	0.2943559447581003	0.07030977265635965	-0.005495390404241338
72	0.14801740892025755	0.016159055357308355	0.05280616333862473	-0.01634257133377906
73	0.37779524399255265	0.4041840931399008	-0.09197421955745265	0.053001384163975845
74	0.15301964575464144	0.13052818960795273	-0.00917771374461765	-0.08445961596449421
75	0.060387106598138854	0.42998668203884427	-0.03907635498947999	-0.020948619129148652
76	0.31593536398685745	0.20187171454236158	-0.013282202683164226	0.05457833281595964
77	0.1097178601096317	0.30985182487237306	-0.09360518329182727	0.0012745086061056315
78	0.25469930695447784	0.15574662836489547	-0.03963668068341741	0.0812412674414558
79	0.4073279775903879	0.0258197028411083	-0.03253865618823308	0.050169249165096214
80	0.11389051676704968	0.3883933740625902	-0.04342223925255373	-0.04191386027699129
81	0.41970295005480207	0.319065546607339	0.022998310957851514	0.04843180527663779
82	0.3324032169506104	0.01757991261682637	-0.08541399458401491	0.026182011625329793
83	0.20391787175895762	0.37103313495462054	0.09453979033465615	0.022360168985098877
84	0.251666041275922	0.17147463923712006	0.08056046830834904	0.01137688622941642
85	0.3902051052557015	0.11510511739851916	0.08840097928298424	0.03173630982177181
86	0.24632489088908235	0.4158578581242218	0.0026687314089794273	-0.039544577362896544
87	0.39004789028327574	0.23665841514155186	-0.05009716246483342	-0.09392014426845158
88	0.325865115686811	0.38364722886787045	0.04276134260150516	0.06831213094473376
89	0.008514221661453327	0.1369084439877051	-0.022638217910609576	0.046519988851630806
90	0.49043232359810424	0.13570828292748607	-0.0019882254213720724	0.03841338302424538
91	0.03934070312296526	0.3172504442582437	0.002605103570039999	-0.019314660329557393
92	0.13567161108252473	0.16619377693436832	-0.07199115677878479	-0.03157083395051548
93	0.34124711804252406	0.2279333000383546	-0.03142181033934255	0.08095039708077331
94	0.3021222253111284	0.026381667211787824	0.0020139652211063896	0.06054660769886486
95	0.18264475551290768	0.29552085833880865	0.08171301095300945	0.09830118256612588
96	0.3936611653640646	0.43137662869552124	-0.0061683384752551085	-0.04698996316708355
97	0.4154015341215142	0.23721088009373537	-0.06280122488262957	-0.07931032747233686
98	0.03426062208996022	0.22717595140790245	-0.05309133348118698	0.06799209830727526
99	0.45179190190938767	0.1975377250007573	0.0893957146400241	0.035857718987144016
100	0.15638694549904658	0.4756897557352598	0.08695641772005808	0.048568402742670214
101	0.3951749190612415	0.022916700451491145	-0.02663088693421045	0.0027528057843989318
