100
0.05 0.1
0.005 0.0001
0.005 0.0001
0.005 0.0001
0.005 0.0001
0.005 0.0001
0.005 0.0001
0.005 0.0001
0.005 0.0001
0.005 0.0001
0.005 0.0001
0.005 0.0001
0.005 0.0001
0.005 0.0001
0.005 0.0001
0.005 0.0001
0.005 0.0001
0.005 0.0001
0.005 0.0001
0.005 0.0001
0.005 0.0001
0.005 0.0001
0.005 0.0001
0.005 0.0001
0.005 0.0001
0.005 0.0001
0.005 0.0001
0.005 0.0001
0.005 0.0001
0.005 0.0001
0.005 0.0001
0.005 0.0001
0.005 0.0001
0.005 0.0001
0.005 0.0001
0.005 0.0001
0.005 0.0001
0.005 0.0001
0.005 0.0001
0.005 0.0001
0.005 0.0001
0.005 0.0001
0.005 0.0001
0.005 0.0001
0.005 0.0001
0.005 0.0001
0.005 0.0001
0.005 0.0001
0.005 0.0001
0.005 0.0001
0.005 0.0001
0.005 0.0001
0.005 0.0001
0.005 0.0001
0.005 0.0001
0.005 0.0001
0.005 0.0001
0.005 0.0001
0.005 0.0001
0.005 0.0001
0.005 0.0001
0.005 0.0001
0.005 0.0001
0.005 0.0001
0.005 0.0001
0.005 0.0001
0.005 0.0001
0.005 0.0001
0.005 0.0001
0.005 0.0001
0.005 0.0001
0.005 0.0001
0.005 0.0001
0.005 0.0001
0.005 0.0001
0.005 0.0001
0.005 0.0001
0.005 0.0001
0.005 0.0001
0.005 0.0001
0.005 0.0001
0.005 0.0001
0.005 0.0001
0.005 0.0001
0.005 0.0001
0.005 0.0001
0.005 0.0001
0.005 0.0001
0.005 0.0001
0.005 0.0001
0.005 0.0001
0.005 0.0001
0.005 0.0001
0.005 0.0001
0.005 0.0001
0.005 0.0001
0.005 0.0001
0.005 0.0001
0.005 0.0001
0.005 0.0001
0.005 0.0001
